11350
11495
11430
11426
11555
11384
11296
11052
10924
10679
10546
10804
10661
10565
10556
10623
10788
10849
10721
10774
10725
10702
10746
10226
10538
10462
10938
11094
10945
10949
10975
10797
10681
10324
10442
10401
10319
10242
10132
10370
10280
10170
10512
10245
11414
11970
11681
11712
11507
11543
11323
11488
11366
11775
11665
11682
11592
11878
11758
11991
12254
11893
11866
11769
11784
11585
11411
11878
11676
11754
11601
11780
11747
11206
11246
11054
11760
11323
11111
11100
10913
10991
9905
9677
9537
9581
9525
9375
9164
9186
9159
9151
9132
9193
9243
9244
9277
9240
9279
9278
9428
9252
9375
9074
9132
9087
9123
9228
9138
9191
9144
9045
9163
9265
9314
9630
9649
9304
9332
9288
9412
9480
9538
9451
9387
9475
9481
9322
9870
9796
9771
9759
9654
9666
9801
9657
9530
10167
9461
9700
9439
9526
9181
8835
8907
8790
9209
9183
9082
9523
9729
9727
9671
9377
9328
9734
9270
8804
8602
8756
9594
9843
9952
9269
9003
8913
8897
8989
8865
8659
8801
7807
7796
7680
7570
7551
7430
7117
6880
6882
7189
7258
7096
7117
6642
6842
6845
6971
6859
6865
7302
7334
7176
7272
6791
6868
6733
6794
6607
6439
6430
5922
6242
6470
6716
6681
6735
6416
5830
6185
6199
6191
5238
5226
5014
5392
5200
5564
4971
7911
7910
7924
8108
8910
9123
9079
8755
8788
8870
8562
8600
8672
8784
8821
9342
9650
9925
9663
9686
9608
9633
10142
9690
9934
9889
10312
10214
10326
10208
9857
10117
9865
9796
9730
9613
9181
9294
9344
9393
9351
9509
9317
9359
8910
8597
8368
8445
8407
8681
8746
8658
8706
8943
8929
8724
8807
8828
8144
8192
8038
8167
7879
8080
8164
7769
7411
7411
7345
6985
7200
7194
7293
7423
7318
7290
7239
7275
7323
7356
7512
7191
7219
7203
7277
6641
6932
7152
7125
7270
7243
7217
7278
7401
7564
7556
7547
7448
7453
7345
7317
7390
7528
7771
7654
7581
7191
7159
7090
7342
7366
7611
8048
8188
8284
8695
8534
8501
8709
8807
8778
8765
9052
8819
8842
9243
9361
9343
9413
9235
9325
9261
9200
9206
9428
9256
9552
9245
8661
7493
7515
8078
8244
8222
7989
7973
8104
8048
8205
8375
8321
8337
8322
8586
8596
8229
8246
7988
8152
8206
8260
8393
8343
8294
8104
8246
8252
8119
8487
9747
9857
10070
10020
10182
10266
10198
10241
10277
10348
10358
10361
10410
10178
10116
10335
10441
10517
10353
10576
10594
10624
10347
9758
9631
9598
9510
9754
10186
10371
10139
10160
10408
10131
10138
10763
10916
10346
10232
10374
10312
10052
10896
11383
11524
11354
11863
11966
11942
11478
11806
10970
10822
10518
10400
10086
9607
9519
9553
9478
9870
9912
9812
9901
10343
10599
10767
10531
10666
9694
9478
10895
10256
11392
11816
11359
12157
12574
12286
11451
11209
10978
11215
11961
10802
10583
10817
11959
12407
11183
13016
11791
11011
10855
10702
10145
9527
9274
9082
9320
8994
8838
8694
8231
8146
7928
8000
7688
7954
8044
7822
7800