190
184
191
189
193
171
173
184
187
173
188
173
179
173
168
195
174
173
185
187
178
190
172
169
166
166
178
190
173
171
187
172
170
172
181
178
169
195
194
183
188
194
181
190
186
191
191
183
175
167
174
171
193
169
181
170
165
173
187
185
176
186
165
189
173
186
189
192
166
193
171
183
169
188
171
171
174
165
191
186
192
183
174
190
175
191
187
168
165
185
191
177
176
185
191
166
190
165
185
168
195
178
165
183
179
193
165
181
193
175
169
190
180
167
191
176
178
195
193
172
183
168
168
171
171
187
176
172
191
184
180
183
182
179
186
173
168
165
183
166
193
177
173
180
194
171
192
183
187
184
168
169
169
190
185
194
193
189
189
168
174
165
166
165
182
176
168
174
167
193
189
183
172
175
188
179
174
181
181
195
195
176
188
180
177
175
172
195
183
183
192
189
189
193
182
176
175
188
193
183
195
182
181
174
182
185
184
176
188
174
184
184
195
195
182
192
165
195
175
182
194
167
195
195
192
172
184
170
169
191
170
189
179
170
171
167
171
194
187
177
175
184
166
177
189
192
181
189
194
189
190
186
171
195
189
179
168
176
184
187
169
166
169
190
179
166
185
169
175
170
184
173
183
165
167
190
178
167
190
177
173
165
184
165
182
191
168
187
168
193
177
178
185
188
180
178
181
166
186
184
176
193
173
170
169
184
179
173
175
183
173
172
184
176
180
176
173
168
193
168
168
180
195
171
180
188
191
172
172
186
172
168
167
177
188
187
194
176
184
181
189
192
191
185
167
174
183
165
187
180
185
175
184
173
192
187
188
184
183
189
192
174
174
168
183
184
175
168
181
170
173
176
195
184
170
193
173
193
183
171
167
179
186
166
177
167
172
184
193
176
189
192
177
191
176
168
177
183
172
165
195
192
184
176
186
180
193
188
177
169
183
183
195
194
167
169
168
180
195
171
188
195
167
190
192
183
173
182
172
170
184
170
174
187
192
194
190
177
182
193
194
182
182
183
166
168
175
181
165
188
189
175
166
166
168
188
190
179
165
178
166
191
167
194
179
181
174
185
173
171
192
189
187
171
176
173
191
175
166
191
169
179
173
188
188
188
175
180
188
167
180
172
170
180
185
189
194
174
174
176