113
114
114
114
115
113
112
110
109
106
105
108
106
105
105
106
107
108
107
107
107
107
107
102
105
104
109
110
109
109
109
107
106
103
104
104
103
102
101
103
102
101
105
102
114
119
116
117
115
115
113
114
113
117
116
116
115
118
117
119
122
118
118
117
117
115
114
118
116
117
116
117
117
112
112
110
117
113
111
111
109
109
99
96
95
95
95
93
91
91
91
91
91
91
92
92
92
92
92
92
94
92
93
90
91
90
91
92
91
91
91
90
91
92
93
96
96
93
93
92
94
94
95
94
93
94
94
93
98
97
97
97
96
96
98
96
95
101
94
97
94
95
91
88
89
87
92
91
90
95
97
97
96
93
93
97
92
88
86
87
95
98
99
92
90
89
88
89
88
86
88
78
77
76
75
75
74
71
68
68
71
72
70
71
66
68
68
69
68
68
73
73
71
72
67
68
67
67
66
64
64
59
62
64
67
66
67
64
58
61
61
61
52
52
50
53
52
55
49
79
79
79
81
89
91
90
87
87
88
85
85
86
87
88
93
96
99
96
96
96
96
101
96
99
98
103
102
103
102
98
101
98
97
97
96
91
92
93
93
93
95
93
93
89
85
83
84
84
86
87
86
87
89
89
87
88
88
81
81
80
81
78
80
81
77
74
74
73
69
72
71
72
74
73
72
72
72
73
73
75
71
72
72
72
66
69
71
71
72
72
72
72
74
75
75
75
74
74
73
73
73
75
77
76
75
71
71
70
73
73
76
80
81
82
86
85
85
87
88
87
87
90
88
88
92
93
93
94
92
93
92
91
92
94
92
95
92
86
74
75
80
82
82
79
79
81
80
82
83
83
83
83
85
85
82
82
79
81
82
82
83
83
82
81
82
82
81
84
97
98
103
100
101
102
101
102
102
103
103
107
104
101
101
103
104
105
103
105
105
106
103
97
96
95
95
97
101
103
101
101
104
101
101
107
109
103
102
103
103
100
108
113
115
113
118
119
119
114
118
109
108
105
103
100
96
95
95
94
98
99
98
99
103
105
107
105
106
96
94
108
102
113
118
113
121
125
122
114
112
109
112
119
108
105
108
119
124
111
130
117
110
108
107
101
95
92
90
93
89
88
86
82
81
79
80
76
79
80
78
78
