30912
36287
163304
152999
186700
241604
17699
1501
1973
12553
10276
5761
3361
2528
311
235
565
2577
2761
2539
2322
317
400
2224
2535
2267
2477
2022
282
349
2209
2151
2156
2073
1676
232
274
2174
2157
2278
2600
1866
219
334
1882
1937
1975
1847
1694
274
229
2085
2160
2188
2155
1809
297
365
2492
2504
2660
3034
3221
459
574
5156
6765
9039
10537
13114
9148
994
764
5297
11539
19925
28235
27825
20518
15888
32450
134119
161248
158933
41991
36589
202913
198361
184171
184373
182367
47370
55369
233443
206054
208002
250980
278959
4169
2874
23345
17311
14319
6606
3696
603
682
3588
3212
3062
2845
2396
427
552
2950
3251
2898
2486
361
401
2510
2232
2691
2212
1705
229
353
2233
2449
2632
3065
2256
299
367
2073
1901
1832
1087
84
237
311
1978
2132
2098
2134
1745
320
416
3310
2818
3291
3501
3442
574
623
4682
4508
5314
8045
10136
3129
5480
109768
109778
118487
128039
111010
24656
25124
122331
134514
144188
145649
130671
30400
34357
152481
141152
133594
125460
110233
0
63429
164951
158296
148363
264047
23835
1702
1780
15192
13439
499
389
389
323
425
3443
2534
2272
175
219
232
262
2635
2627
2667
2258
1859
192
250
1979
1973
1951
1964
1492
182
240
1847
2119
1928
2000
1879
166
192
1650
1560
1669
1772
1612
185
193
1788
1800
347
1958
1792
241
270
2128
2169
2768
4120
3023
361
313
4231
6584
5871
7569
12511
3056
4666
141427
142308
145491
141408
121198
27259
26558
158737
161429
153228
149621
130370
28803
28693
161167
138503
129971
121521
113790
25933
29681
152195
145337
177135
226564
16631
1267
1653
11976
14284
6305
3496
2700
366
398
2636
2366
2434
2049
1877
220
257
1976
2172
2148
1884
1617
171
201
1675
1757
1690
1578
1327
149
165
1580
1752
1569
2142
1845
117
194
1264
1517
1170
928
2328
498
208
1458
1525
1626
1502
1400
151
201
1478
1455
1433
1316
1103
105
124
1330
2924
5383
5882
5893
1325
1440
18525
134672
125536
126451
112231
4970
0
102852
123966
170986
170577
141152
30285
33220
185209
167153
141475
131546
68870
18493
22525
203797
205597
148730
179231
228228
3141
2076
17060
12328
10430
5720
3307
378
252
521
2853
2580
2467
2033
396
394
2360
2571
2380
2463
2519
0
0
0
0
2868
3143
2396
197
1254
2458
2756
2068
2385
2405
189
325
2050
2156
2063
1993
1782
256
311
2145
2233
2268
2326
2074
325
278
2948
2856
2834
3029
3777
462
514
4072
4711
7699
7895
11151
2190
1336
11644
5500
5849
13523
22634
26290
26263
29203
17894
37543
144001
150270
40521
38419
193302
205570
194546
182487
178409
46360
472246
223399
185131
178701
180394
207836
59631
73365
294295
26639
17239
15418
9227
718
868
4361
3766
3292
3030
2593
467
616
3040
3000
2820
2703
2630
447
49
2949
2786
2460
2853
2299
350
239
770
3195
3716
3164
3440
715
792
3167
2261